# i   Volume(a.u.^3)   Energy(Ry)   Pressure(kbar)
0    151.1242         -448.56157991    361.95         
1    152.7383         -448.56537935    327.49         
2    154.3640         -448.56883301    294.22         
3    156.0011         -448.57195364    262.39         
4    157.6497         -448.57475249    232.68         
5    159.3100         -448.57723760    203.79         
6    160.9818                                         
7    162.6653                                         
8    164.3605         -448.58289931    124.12         
9    166.0674         -448.58421429    99.33          
10   167.7861         -448.58525627    75.84          
11   169.5167         -448.58603262    53.41          
12   171.2590         -448.58655249    31.33          
13   173.0133         -448.58682367    11.08          
14   174.7795                                         
15   176.5577                                         
16   178.3480         -448.58298563    -42.81         
17   180.1502         -448.58336213    -61.05         
18   181.9646         -448.58339598    -78.14         
19   183.7912         -448.58364610    -95.13         
20   185.6299         -448.58237834    -110.50        
21   187.4808         -448.58091732    -124.36        
22   189.3440         -448.57927001    -138.04        
23   191.2195         -448.57744410    -151.11        
24   193.1073         -448.57544417    -163.49        
